Centroid Mass	S/N
2000.27	5.155558289474
2022.33	4.12849666660342
2031.27	5.99208567818592
2043.23	8.3269253626107
2055.65	7.24805614450569
2117.44	4.16377768049968
2143.64	80.6345798592876
2166.04	6.74118789419861
2213.4	4.81831294156353
2233.48	3.74736102917664
2255.44	4.27181417181124
2282.48	10.7705231060141
2289.72	5.75341348998348
2305.59	9.82667286892736
2327	4.91117544001834
2342.08	7.09535347954301
2376.09	4.29413738736123
2387.64	12.1381552381796
2412.2	5.42120270521607
2426.16	4.69328411667029
2442.97	22.4391227027622
2465.47	3.66169752046066
2480.53	4.75876289786348
2499.89	9.83020053289879
2536.46	8.39362550661249
2563.22	8.07464689811199
2576.65	4.04224016547999
2585.78	4.56436711970994
2609.42	3.88515351574663
2629.28	6.96362278629501
2643.85	4.58402801978639
2662.38	9.89067118031559
2680.48	4.18285199717895
2709.46	10.7700775663674
2720.31	4.21512416442581
2746.54	4.56583084326709
2757.96	9.5100755059827
2768.41	9.76536326065719
2796.86	6.97242163332926
2813.41	7.98794306435585
2836.04	32.6705523015451
2855.23	5.01746209816208
2871.44	66.684199107895
2893.8	9.2189750912413
2913.69	6.11317150014462
2942.37	41.3105631790977
2963.98	3.75880802551273
2982.04	6.06364774215654
3013.14	9.97951348232957
3024.06	3.80835556155347
3037.61	5.34035899592697
3053.8	4.07522753677982
3067.42	6.72330947914244
3091.06	4.04328810880987
3135.43	6.0780799954148
3158.8	3.68025691782608
3180.65	26.545071712248
3232.11	5.34710109061819
3253.68	10.7980735479934
3283.45	4.74129222467936
3304.64	3.95836187127762
3319.9	12.1514785404411
3367.53	20.2861384219834
3383.48	20.0021776698836
3394.5	46.9944694281115
3408.86	5.03639477553646
3416.61	3.99713514164993
3434.89	7.74281516331371
3452.12	7.16418616630671
3482.23	11.7751496233188
3515.83	16.1425262047574
3532.13	12.2777222055152
3555.81	5.70948574440391
3579	3.13349878400214
3594.31	6.75243820890719
3613.64	6.44908206394095
3621.61	23.6190881676559
3677.68	6.35389712827445
3715.68	10.2476658535174
3742.28	10.5377048348319
3759.1	3.71292384965893
3806.86	3.89037038946257
3830.86	5.55502068242468
3860.22	5.00167474752764
3871.41	8.29125664645225
3906.26	12.3233301899956
3960.31	12.0637298948988
3974.03	3.20328750779651
4025.55	15.9680812273273
4050.23	5.35317374837292
4077.4	7.47322177485018
4094.96	26.0999637001433
4107.7	7.70700084781026
4128.36	14.0443033829899
4152.74	5.45761224596317
4182.71	6.89477423681182
4199.27	6.16953565029012
4238.03	3.98806551234423
4255.31	16.971194401376
4270.77	4.79851691657012
4298.68	10.1154364971997
4351.01	3.33366026690331
4361.01	4.90998036372826
4430.73	14.1642390506622
4447.78	4.23055302452854
4477.52	12.1819311283644
4522.01	4.73681982569453
4568.64	10.8828993328108
4582.1	3.37804960396583
4596.86	4.27253867934557
4619.37	9.26896934082385
4640.65	5.60501628244568
4670.39	3.48687380349561
4691.78	8.36281877295541
4705.42	58.8665048615207
4732.1	10.645420920043
4778.5	3.57404739191821
4833.02	5.51210477742931
4858.74	15.5327269053878
4904.43	11.4416108664624
4917.04	5.60767318816552
4954.33	7.37608795073992
5009.84	3.97787449602473
5026.63	10.3960733181688
5040.07	7.56773540787808
5060.95	95.7939728323219
5092.69	5.80604784952176
5142.86	24.1164895430667
5157.82	1.81645646492637
5194.64	3.53316400111172
5270.74	3.48861266937722
5327.32	12.94673151263
5365.43	7.71581157639122
5410.66	11.1965773268609
5435.79	36.6397576254214
5498.86	5.33108588565536
5523.49	7.40797224802323
5543.94	5.07967620519815
5563.01	3.0079375104052
5597.71	3.65955771019428
5618.3	27.4602823650037
5648.89	4.14087590795253
5667.43	5.1873130830147
5685.29	9.66851812551857
5760.59	8.87324565109788
5806.01	4.13784849516596
5832.04	18.2567250865938
5910.5	6.09811120061526
5938.96	3.50890091213703
5967.49	23.1908272506992
6024.75	14.7532993190167
6080.07	17.8848447862013
6098.57	6.15516686970073
6138.62	11.0362050475207
6215.38	3.6614625312799
6269.32	3.09797305930321
6326.51	4.93950794891943
6365.03	79.8343360153479
6385.48	10.6486813536662
6408.99	13.7722099272224
6551.74	3.34752251621536
6716.27	8.1683445792863
6737.27	54.5920045202553
6770.01	128.032019301478
6791.09	6.50674037674619
6907.26	18.8295575596249
6964.93	13.1786706504432
7110.55	12.1068383101589
7132.96	4.05619032225244
7158.62	5.87936284695657
7210.88	6.49204306280039
7243.95	44.9128077829583
7266.57	6.46009764100173
7377.78	4.98260585666909
7569.7	3.50108127546939
7662.43	18.8239136650506
7693.19	5.88514630631106
7719.85	4.886848148925
7766.6	4.22155159623881
7796.73	13.7533232677194
7920.38	25.2019916716828
7978.76	6.54959413228427
8104.7	3.47304386977122
8120.08	13.3242071578751
8190.35	15.7843138300883
8217.86	4.28460248072109
8254.89	26.5200308712972
8305.84	13.6005389966328
8361.29	11.0002572082653
8393.43	4.48656866689768
8744.85	5.07000483380646
8800.86	4.20493619967681
8858.83	17.3347934990119
8889.24	6.92643405072714
8960.98	3.69159868800026
9017.68	3.72882925352505
9135.25	18.2330040442086
9157.95	4.13872621115663
9408.57	67.082636394514
9462.06	23.4072423435006
9554.64	6.6966767651725
9808.76	9.42093963373928
10051.95	16.3876634751441
10074.81	13.9357798594349
10119.66	195.649576510565
10146.43	4.39309631139609
10182.81	4.20583769139779
10284.65	24.1382957625846
10760.07	4.63940748117349
10806.42	10.7812434027426
10869.71	50.834723722742
11212.08	5.48517229830091
11235.22	17.3581522378637
11363.48	8.09454654773872
11598.64	4.15559576806269
12041.8	22.3671492758349
12088.77	3.23713586349696
12341.89	6.73552302442873
12764.63	4.00623025798587
13051.89	5.02247392317845
13428.16	32.5115517741414
13560.68	18.2213575355204
13933	6.99369314833521
15588.12	16.2662778736527
16053.58	3.4682606022824
