Centroid Mass	S/N
1998.24	4.18040660943626
2011.79	4.26375943062832
2043.3	5.36728801746189
2059.58	6.95392137481348
2098.83	4.58334273613286
2173.14	6.71234075858203
2192.58	11.7167680968846
2208.11	4.07648704356496
2221.47	4.21448436989052
2237.1	15.3916304212213
2299.27	3.27330832873208
2330.68	6.43653349477408
2351.73	19.4759550319445
2384.88	4.0863877503364
2414.07	13.2354675868992
2431.3	16.1120310588344
2452.34	5.63805448200779
2488.55	40.1855403497434
2525.5	12.1036721218312
2587.21	3.06945802790311
2671.14	11.6851439137611
2702.53	8.6384909986714
2729.16	9.74613990698508
2738.56	17.7317942546094
2747.98	94.4874686537264
2763.88	4.17498008455961
2776.33	6.00461676461097
2785.81	6.7485384610715
2807.33	3.94174866705115
2829.94	14.376119159369
2870.35	15.3846294841922
2892.71	6.69501695217937
2934.6	3.18676989417926
2961.32	7.80287975782621
2980.4	22.2548924866364
2995.41	8.17595150713249
3002.14	9.4435874686559
3009.93	7.22886442448651
3037.51	3.31030009480632
3090.95	10.9342325847741
3119.43	3.56627981606114
3136.9	6.43396987933383
3167.72	8.53392331565834
3197.63	17.1211355680341
3217.46	19.9922516860044
3235.21	5.45498124719382
3295.79	7.21494052981918
3312.11	16.1116825406128
3326.29	4.64427620953332
3341.05	5.86681750642023
3386.07	3.06151570374723
3425.85	5.72884437416579
3436.39	3.45432221823553
3469.21	5.46330914504138
3499.94	30.3593863318291
3531.94	35.4983296788819
3554.48	5.4062525744221
3581.63	12.7728635486014
3592.4	9.13570788338623
3625.39	49.4434646777407
3639.09	8.31132836267546
3684.35	6.48237618227792
3698.73	11.751827961204
3720.07	5.16407065111784
3768.16	6.43198324580013
3813.05	5.40250328991785
3854.68	5.01461289782151
3877.64	6.63792034563379
3905.4	3.15234556443217
3942.78	8.22694523928757
3995.28	7.35564996735186
4014.45	22.5125507022515
4071.66	8.78574201861045
4105.57	10.5975630779249
4122.58	11.2250655944677
4151.82	6.95266715994318
4202.63	3.6936032352485
4234	32.2242275729698
4279.73	7.07828994102802
4337.55	5.76223404366493
4424.7	7.83496890512782
4444.88	47.5629861323414
4463.21	5.10742479135583
4481.59	61.569463646455
4496.82	0.493819543505586
4535.65	3.97910023573689
4556.09	3.24809904735318
4588.76	4.01336608453332
4604.81	10.8623594377226
4644.11	42.3255607284643
4781.33	5.00941952981056
4818.75	15.9678072982581
4827.96	72.0934516134048
4886.07	3.10654181028514
4902.64	39.5141728474382
4991.27	40.8489517004613
5010.03	3.58925285401461
5077.32	5.39305457223894
5121.31	3.43483637710487
5156.63	3.90191362954738
5179.79	5.27348550850443
5283.29	25.6973548987255
5309.49	4.02011159367478
5339.92	4.75647298816881
5369.74	3.31002865529915
5410.79	28.6290933136301
5445.7	6.74248977162414
5482.13	73.1201681578464
5520.09	6.15213617278342
5551.12	8.01198539508212
5584.36	3.5054918054471
5645.43	120.108928718357
5679.67	6.22008531807557
5711.14	5.87940526192734
5795.26	6.8600272416067
5856.76	1.10622425212521
5873.45	15.0672753818976
5966.81	3.72267257392547
5980.73	8.65160303226804
5993.94	23.5849763992854
6009.36	25.1831033693741
6022.59	119.69318943169
6192.25	3.16098142324297
6242.34	11.9766667235972
6276.84	18.8938930369493
6340.85	4.1529768788328
6367.3	10.1926133277382
6408.22	3.88227435364358
6437.1	5.95517901724946
6471.37	20.1134794998924
6507.27	35.5056397224328
6524.88	5.7001205791219
6549.41	10.3408987636175
6587.07	3.21716668733685
6626.37	60.8306814121156
6647.23	4.29949125115811
6665.8	3.82377330759828
6734.1	7.52553316580699
6815.28	9.5755967774757
6878.05	3.44191858276659
6953.77	7.13934395093291
7001.3	45.9109240205483
7021.15	6.1969740560113
7064.93	52.0421457169676
7103.24	3.03962940316307
7164.12	34.1571337871476
7201.9	3.12340314201685
7251.9	62.9269149831814
7280.19	6.83840939594148
7336.14	12.8406558942437
7355.65	61.6352861799701
7406.18	9.18023326070502
7433.96	3.47445877027531
7471.63	4.07729749013698
7539.84	10.5375055228259
7616.64	10.7330570256203
7683.02	6.95792419224099
7770.58	5.43110211498123
7843.5	4.52753285509433
7867.89	3.78603758181686
7992.08	17.2445015581213
8050.72	3.29124007480498
8245.99	9.03259580840646
8289.13	12.1926121570932
8467.19	382.866753898644
8485.54	12.6029950324748
8538.94	4.65492372236298
8565.27	9.17321485657538
8845.96	4.66935210437445
8887.97	79.2523764898385
8945.33	14.4608778807152
8962.39	52.1051826522227
9208.47	21.3921319795558
9275.09	48.7895844828807
9450.53	3.26962641120586
9562.52	6.81996260802473
9636	24.614983916084
9653.72	132.243455161617
9694.81	3.64735180795576
9817.65	3.22122469411845
9851.55	5.89995920997019
9869.46	3.38412841853722
9981.08	57.5235385779606
10030.47	20.7702608407958
10054.26	4.06493976437871
10133.44	3.87171574459566
10150.65	3.40050461654647
10187.99	3.93581244389646
10373.82	4.51723146820372
10517.46	17.5275930592715
10669.95	4.28423789382932
10800.82	4.24828736705121
10851.22	3.66454396373705
10890.83	8.98510263366799
10944.43	8.68403322999683
11020.07	3.72267087848495
11098.99	17.3430445962208
11163.12	7.05064631683099
11472.35	4.95696940117659
11587.62	20.2609789170117
11741.53	4.64666591749796
11889.21	3.46780732479596
12041.99	62.3108422381771
12079.56	3.27135674200376
12408.65	3.10794189370209
12479.68	5.04605233669801
12731.48	13.3290709027668
12861.57	4.27455987163468
13009.66	30.0356449550814
13237.22	9.47066594128216
13622.77	19.6174096317297
13667.19	3.80722862345727
13750.67	8.0662324258795
14317.17	6.73551303982126
14512.39	3.14945282471534
14640.97	4.65898857232353
14667.45	23.8944848860418
14708.94	160.770354244869
15231.37	12.3931379709013
15363.12	12.0552045109467
15536.91	5.92205219819858
15636.66	3.01391816672638
15886.25	4.65749095241864
16573.41	9.88074313123805
16933.02	342.677477206329
16959.03	3.42562714423913
17081.93	6.04369477380741
17708.23	9.15617483270097
